<?xml version="1.0" encoding="UTF-8"?>
<map version="1.9" tiledversion="1.9.2" orientation="orthogonal" renderorder="right-down" width="40" height="40" tilewidth="16" tileheight="16" infinite="0" nextlayerid="6" nextobjectid="1">
 <tileset firstgid="1" source="pokemon_style.tsx"/>
 <tileset firstgid="20833" source="4th_gen_indoor_tileset_by_akizakura16_dac0c2w.tsx"/>
 <layer id="1" name="sol" width="40" height="40">
  <data encoding="csv">
0,0,0,0,0,0,0,0,0,0,0,0,0,0,0,0,0,0,0,0,0,0,0,0,0,0,0,0,0,0,0,0,0,0,0,0,0,0,0,0,
21478,21478,21478,21478,21478,21478,21478,21478,21478,21478,21478,21478,21478,21478,21478,21478,21478,21478,21478,21478,21478,21478,21478,21478,21478,21478,21478,21478,21478,21478,21478,21478,21478,21478,21478,21478,21478,21478,21478,21478,
21478,21478,21478,21478,21478,21478,21478,21478,21478,21478,21478,21478,21478,21478,21478,21478,21478,21478,21478,21478,21478,21478,21478,21478,21478,21478,21478,21478,21478,21478,21478,21478,21478,21478,21478,21478,21478,21478,21478,21478,
21478,21478,21478,21478,21478,21478,21478,21478,21478,21478,21478,21478,21478,21478,21478,21478,21478,21478,21478,21478,21478,21478,21478,21478,21478,21478,21478,21478,21478,21478,21478,21478,21478,21478,21478,21478,21478,21478,21478,21478,
21478,21478,21478,21478,21478,21478,21478,21478,21478,21478,21478,21478,21478,21478,21478,21478,21478,21478,21478,21478,21478,21478,21478,21478,21478,21478,21478,21478,21478,21478,21478,21478,21478,21478,21478,21478,21478,21478,21478,21478,
21478,21478,21478,21478,21478,21478,21478,21478,21478,21478,21478,21478,21478,21478,21478,21478,21478,21478,21478,21478,21478,21478,21478,21478,21478,21478,21478,21478,21478,21478,21478,21478,21478,21478,21478,21478,21478,21478,21478,21478,
21478,21478,21478,21478,21478,21478,21478,21478,21478,21478,21478,21478,21478,21478,21478,21478,21478,21478,21478,21478,21478,21478,21478,21478,21478,21478,21478,21478,21478,21478,21478,21478,21478,21478,21478,21478,21478,21478,21478,21478,
21478,21478,21478,21478,21478,21478,21478,21478,21478,21478,21478,21478,21478,21478,21478,21478,21478,21478,21478,21478,21478,21478,21478,21478,21478,21478,21478,21478,21478,21478,21478,21478,21478,21478,21478,21478,21478,21478,21478,21478,
21478,21478,21478,21478,21478,21478,21478,21478,21478,21478,21478,21478,21478,21478,21478,21478,21478,21478,21478,21478,21478,21478,21478,21478,21478,21478,21478,21478,21478,21478,21478,21478,21478,21478,21478,21478,21478,21478,21478,21478,
21478,21478,21478,21478,21478,21478,21478,21478,21478,21478,21478,21478,21478,21478,21478,21478,21478,21478,21478,21478,21478,21478,21478,21478,21478,21478,21478,21478,21478,21478,21478,21478,21478,21478,21478,21478,21478,21478,21478,21478,
21478,21478,21478,21478,21478,21478,21478,21478,21478,21478,21478,21478,21478,21478,21478,21478,21478,21478,21478,21478,21478,21478,21478,21478,21478,21478,21478,21478,21478,21478,21478,21478,21478,21478,21478,21478,21478,21478,21478,21478,
21478,21478,21478,21478,21478,21478,21478,21478,21478,21478,21478,21478,21478,21478,21478,21478,21478,21478,21478,21478,21478,21478,21478,21478,21478,21478,21478,21478,21478,21478,21478,21478,21478,21478,21478,21478,21478,21478,21478,21478,
21478,21478,21478,21478,21478,21478,21478,21478,21478,21478,21478,21478,21478,21478,21478,21478,21478,21478,21478,21478,21478,21478,21478,21478,21478,21478,21478,21478,21478,21478,21478,21478,21478,21478,21478,21478,21478,21478,21478,21478,
21478,21478,21478,21478,21478,21478,21478,21478,21478,21478,21478,21478,21478,21478,21478,21478,21478,21478,21478,21478,21478,21478,21478,21478,21478,21478,21478,21478,21478,21478,21478,21478,21478,21478,21478,21478,21478,21478,21478,21478,
21478,21478,21478,21478,21478,21478,21478,21478,21478,21478,21478,21478,21478,21478,21478,21478,21478,21478,21478,21478,21478,21478,21478,21478,21478,21478,21478,21478,21478,21478,21478,21478,21478,21478,21478,21478,21478,21478,21478,21478,
21478,21478,21478,21478,21478,21478,21478,21478,21478,21478,21478,21478,21478,21478,21478,21478,21478,21478,21478,21478,21478,21478,21478,21478,21478,21478,21478,21478,21478,21478,21478,21478,21478,21478,21478,21478,21478,21478,21478,21478,
21478,21478,21478,21478,21478,21478,21478,21478,21478,21478,21478,21478,21478,21478,21478,21478,21478,21478,21478,21478,21478,21478,21478,21478,21478,21478,21478,21478,21478,21478,21478,21478,21478,21478,21478,21478,21478,21478,21478,21478,
21478,21478,21478,21478,21478,21478,21478,21478,21478,21478,21478,21478,21478,21478,21478,21478,21478,21478,21478,21478,21478,21478,21478,21478,21478,21478,21478,21478,21478,21478,21478,21478,21478,21478,21478,21478,21478,21478,21478,21478,
21478,21478,21478,21478,21478,21478,21478,21478,21478,21478,21478,21478,21478,21478,21478,21478,21478,21478,21478,21478,21478,21478,21478,21478,21478,21478,21478,21478,21478,21478,21478,21478,21478,21478,21478,21478,21478,21478,21478,21478,
21478,21478,21478,21478,21478,21478,21478,21478,21478,21478,21478,21478,21478,21478,21478,21478,21478,21478,21478,21478,21478,21478,21478,21478,21478,21478,21478,21478,21478,21478,21478,21478,21478,21478,21478,21478,21478,21478,21478,21478,
21478,21478,21478,21478,21478,21478,21478,21478,21478,21478,21478,21478,21478,21478,21478,21478,21478,21478,21478,21478,21478,21478,21478,21478,21478,21478,21478,21478,21478,21478,21478,21478,21478,21478,21478,21478,21478,21478,21478,21478,
21478,21478,21478,21478,21478,21478,21478,21478,21478,21478,21478,21478,21478,21478,21478,21478,21478,21478,21478,21478,21478,21478,21478,21478,21478,21478,21478,21478,21478,21478,21478,21478,21478,21478,21478,21478,21478,21478,21478,21478,
21478,21478,21478,21478,21478,21478,21478,21478,21478,21478,21478,21478,21478,21478,21478,21478,21478,21478,21478,21478,21478,21478,21478,21478,21478,21478,21478,21478,21478,21478,21478,21478,21478,21478,21478,21478,21478,21478,21478,21478,
21478,21478,21478,21478,21478,21478,21478,21478,21478,21478,21478,21478,21478,21478,21478,21478,21478,21478,21478,21478,21478,21478,21478,21478,21478,21478,21478,21478,21478,21478,21478,21478,21478,21478,21478,21478,21478,21478,21478,21478,
21478,21478,21478,21478,21478,21478,21478,21478,21478,21478,21478,21478,21478,21478,21478,21478,21478,21478,21478,21478,21478,21478,21478,21478,21478,21478,21478,21478,21478,21478,21478,21478,21478,21478,21478,21478,21478,21478,21478,21478,
21478,21478,21478,21478,21478,21478,21478,21478,21478,21478,21478,21478,21478,21478,21478,21478,21478,21478,21478,21478,21478,21478,21478,21478,21478,21478,21478,21478,21478,21478,21478,21478,21478,21478,21478,21478,21478,21478,21478,21478,
21478,21478,21478,21478,21478,21478,21478,21478,21478,21478,21478,21478,21478,21478,21478,21478,21478,21478,21478,21478,21478,21478,21478,21478,21478,21478,21478,21478,21478,21478,21478,21478,21478,21478,21478,21478,21478,21478,21478,21478,
21478,21478,21478,21478,21478,21478,21478,21478,21478,21478,21478,21478,21478,21478,21478,21478,21478,21478,21478,21478,21478,21478,21478,21478,21478,21478,21478,21478,21478,21478,21478,21478,21478,21478,21478,21478,21478,21478,21478,21478,
21478,21478,21478,21478,21478,21478,21478,21478,21478,21478,21478,21478,21478,21478,21478,21478,21478,21478,21478,21478,21478,21478,21478,21478,21478,21478,21478,21478,21478,21478,21478,21478,21478,21478,21478,21478,21478,21478,21478,21478,
21478,21478,21478,21478,21478,21478,21478,21478,21478,21478,21478,21478,21478,21478,21478,21478,21478,21478,21478,21478,21478,21478,21478,21478,21478,21478,21478,21478,21478,21478,21478,21478,21478,21478,21478,21478,21478,21478,21478,21478,
21478,21478,21478,21478,21478,21478,21478,21478,21478,21478,21478,21478,21478,21478,21478,21478,21478,21478,21478,21478,21478,21478,21478,21478,21478,21478,21478,21478,21478,21478,21478,21478,21478,21478,21478,21478,21478,21478,21478,21478,
21478,21478,21478,21478,21478,21478,21478,21478,21478,21478,21478,21478,21478,21478,21478,21478,21478,21478,21478,21478,21478,21478,21478,21478,21478,21478,21478,21478,21478,21478,21478,21478,21478,21478,21478,21478,21478,21478,21478,21478,
21478,21478,21478,21478,21478,21478,21478,21478,21478,21478,21478,21478,21478,21478,21478,21478,21478,21478,21478,21478,21478,21478,21478,21478,21478,21478,21478,21478,21478,21478,21478,21478,21478,21478,21478,21478,21478,21478,21478,21478,
21478,21478,21478,21478,21478,21478,21478,21478,21478,21478,21478,21478,21478,21478,21478,21478,21478,21478,21478,21478,21478,21478,21478,21478,21478,21478,21478,21478,21478,21478,21478,21478,21478,21478,21478,21478,21478,21478,21478,21478,
21478,21478,21478,21478,21478,21478,21478,21478,21478,21478,21478,21478,21478,21478,21478,21478,21478,21478,21478,21478,21478,21478,21478,21478,21478,21478,21478,21478,21478,21478,21478,21478,21478,21478,21478,21478,21478,21478,21478,21478,
21478,21478,21478,21478,21478,21478,21478,21478,21478,21478,21478,21478,21478,21478,21478,21478,21478,21478,21478,21478,21478,21478,21478,21478,21478,21478,21478,21478,21478,21478,21478,21478,21478,21478,21478,21478,21478,21478,21478,21478,
21478,21478,21478,21478,21478,21478,21478,21478,21478,21478,21478,21478,21478,21478,21478,21478,21478,21478,21478,21478,21478,21478,21478,21478,21478,21478,21478,21478,21478,21478,21478,21478,21478,21478,21478,21478,21478,21478,21478,21478,
21478,21478,21478,21478,21478,21478,21478,21478,21478,21478,21478,21478,21478,21478,21478,21478,21478,21478,21478,21478,21478,21478,21478,21478,21478,21478,21478,21478,21478,21478,21478,21478,21478,21478,21478,21478,21478,21478,21478,21478,
21478,21478,21478,21478,21478,21478,21478,21478,21478,21478,21478,21478,21478,21478,21478,21478,21478,21478,21478,21478,21478,21478,21478,21478,21478,21478,21478,21478,21478,21478,21478,21478,21478,21478,21478,21478,21478,21478,21478,21478,
0,0,0,0,0,0,0,0,0,0,0,0,0,0,0,21478,21478,21478,21478,21478,21478,21478,21478,21478,21478,0,0,0,0,0,0,0,0,0,0,0,0,0,0,0
</data>
 </layer>
 <layer id="2" name="wall" width="40" height="40">
  <data encoding="csv">
33753,33754,33755,33756,33755,33755,33755,33755,33755,33756,33755,33755,33755,33755,33755,33755,33755,33755,33755,33755,33755,33755,33755,33755,33755,33755,33755,33755,33755,33755,33755,33755,33755,33755,33755,33755,33756,33756,33757,33758,
33769,33770,33771,33772,33771,33771,33771,33771,33771,33772,33771,33771,33771,33771,33771,33771,33771,33771,33771,33771,33771,33771,33771,33771,33771,33771,33771,33771,33771,33771,33771,33771,33771,33771,33771,33771,33772,33772,33773,33774,
33785,33786,33787,33788,33787,33787,33787,33787,33787,33788,33787,33787,33787,33787,33787,33787,33787,33787,33787,33787,33787,33787,33787,33787,33787,33787,33787,33787,33787,33787,33787,33787,33787,33787,33787,33787,33788,33788,33789,33790,
33785,33786,0,0,0,0,0,0,0,0,0,0,0,0,0,0,0,0,0,0,0,0,0,0,0,0,0,0,0,0,0,0,0,0,0,0,0,33804,33805,33806,
33801,33802,0,0,0,0,0,0,0,0,0,0,0,0,0,0,0,0,0,0,0,0,0,0,0,0,0,0,0,0,0,0,0,0,0,0,0,0,33789,33790,
33817,33818,0,0,0,0,0,0,0,0,0,0,0,0,0,0,0,0,0,0,0,0,0,0,0,0,0,0,0,0,0,0,0,0,0,0,0,0,33789,33790,
33769,33770,0,0,0,0,0,0,0,0,0,0,0,0,0,0,0,0,0,0,0,0,0,0,0,0,0,0,0,0,0,0,0,0,0,0,0,0,33789,33790,
33785,33786,0,0,0,0,0,0,0,0,0,0,0,0,0,0,0,0,0,0,0,0,0,0,0,0,0,0,0,0,0,0,0,0,0,0,0,0,33789,33790,
33801,33802,0,0,0,0,0,0,0,0,0,0,0,0,0,0,0,0,0,0,0,0,0,0,0,0,0,0,0,0,0,0,0,0,0,0,0,0,33789,33790,
33817,33818,0,0,0,0,0,0,0,0,0,0,0,0,0,0,0,0,0,0,0,0,0,0,0,0,0,0,0,0,0,0,0,0,0,0,0,0,33805,33806,
33769,33770,0,0,0,0,0,0,0,0,0,0,0,0,0,0,0,0,0,0,0,0,0,0,0,0,0,0,0,0,0,0,0,0,0,0,0,0,33789,33790,
33785,33786,0,0,0,0,0,0,0,0,0,0,0,0,0,0,0,0,0,0,0,0,0,0,0,0,0,0,0,0,0,0,0,0,0,0,0,0,33789,33790,
33801,33802,0,0,0,0,0,0,0,0,0,0,0,0,0,0,0,0,0,0,0,0,0,0,0,0,0,0,0,0,0,0,0,0,0,0,0,0,33789,33790,
33817,33818,0,0,0,0,0,0,0,0,0,0,0,0,0,0,0,0,0,0,0,0,0,0,0,0,0,0,0,0,0,0,0,0,0,0,0,0,33789,33790,
33769,33770,0,0,0,0,0,0,0,0,0,0,0,0,0,0,0,0,0,0,0,0,0,0,0,0,0,0,0,0,0,0,0,0,0,0,0,0,33789,33790,
33785,33786,0,0,0,0,0,0,0,0,0,0,0,0,0,0,0,0,0,0,0,0,0,0,0,0,0,0,0,0,0,0,0,0,0,0,0,0,33805,33806,
33801,33802,0,0,0,0,0,0,0,0,0,0,0,0,0,0,0,0,0,0,0,0,0,0,0,0,0,0,0,0,0,0,0,0,0,0,0,0,33789,33790,
33817,33818,0,0,0,0,0,0,0,0,0,0,0,0,0,0,0,0,0,0,0,0,0,0,0,0,0,0,0,0,0,0,0,0,0,0,0,0,33789,33790,
33769,33770,0,0,0,0,0,0,0,0,0,0,0,0,0,0,0,0,0,0,0,0,0,0,0,0,0,0,0,0,0,0,0,0,0,0,0,0,33789,33790,
33785,33786,0,0,0,0,0,0,0,0,0,0,0,0,0,0,0,0,0,0,0,0,0,0,0,0,0,0,0,0,0,0,0,0,0,0,0,0,33789,33790,
33801,33802,0,0,0,0,0,0,0,0,0,0,0,0,0,0,0,0,0,0,0,0,0,0,0,0,0,0,0,0,0,0,0,0,0,0,0,0,33789,33790,
33817,33818,0,0,0,0,0,0,0,0,0,0,0,0,0,0,0,0,0,0,0,0,0,0,0,0,0,0,0,0,0,0,0,0,0,0,0,0,33789,33790,
33769,33770,0,0,0,0,0,0,0,0,0,0,0,0,0,0,0,0,0,0,0,0,0,0,0,0,0,0,0,0,0,0,0,0,0,0,0,0,33805,33806,
33785,33786,0,0,0,0,0,0,0,0,0,0,0,0,0,0,0,0,0,0,0,0,0,0,0,0,0,0,0,0,0,0,0,0,0,0,0,0,33789,33790,
33801,33802,0,0,0,0,0,0,0,0,0,0,0,0,0,0,0,0,0,0,0,0,0,0,0,0,0,0,0,0,0,0,0,0,0,0,0,0,33789,33790,
33817,33818,0,0,0,0,0,0,0,0,0,0,0,0,0,0,0,0,0,0,0,0,0,0,0,0,0,0,0,0,0,0,0,0,0,0,0,0,33789,33790,
33769,33770,0,0,0,0,0,0,0,0,0,0,0,0,0,0,0,0,0,0,0,0,0,0,0,0,0,0,0,0,0,0,0,0,0,0,0,0,33805,33806,
33785,33786,0,0,0,0,0,0,0,0,0,0,0,0,0,0,0,0,0,0,0,0,0,0,0,0,0,0,0,0,0,0,0,0,0,0,0,0,33789,33790,
33801,33802,0,0,0,0,0,0,0,0,0,0,0,0,0,0,0,0,0,0,0,0,0,0,0,0,0,0,0,0,0,0,0,0,0,0,0,0,33789,33790,
33817,33818,0,0,0,0,0,0,0,0,0,0,0,0,0,0,0,0,0,0,0,0,0,0,0,0,0,0,0,0,0,0,0,0,0,0,0,0,33789,33790,
33769,33770,0,0,0,0,0,0,0,0,0,0,0,0,0,0,0,0,0,0,0,0,0,0,0,0,0,0,0,0,0,0,0,0,0,0,0,0,33789,33790,
33785,33786,0,0,0,0,0,0,0,0,0,0,0,0,0,0,0,0,0,0,0,0,0,0,0,0,0,0,0,0,0,0,0,0,0,0,0,0,33789,33790,
33801,33802,0,0,0,0,0,0,0,0,0,0,0,0,0,0,0,0,0,0,0,0,0,0,0,0,0,0,0,0,0,0,0,0,0,0,0,0,33789,33790,
33817,33818,0,0,0,0,0,0,0,0,0,0,0,0,0,0,0,0,0,0,0,0,0,0,0,0,0,0,0,0,0,0,0,0,0,0,0,0,33789,33790,
33769,33770,0,0,0,0,0,0,0,0,0,0,0,0,0,0,0,0,0,0,0,0,0,0,0,0,0,0,0,0,0,0,0,0,0,0,0,0,33789,33790,
33785,33786,0,0,0,0,0,0,0,0,0,0,0,0,0,0,0,0,0,0,0,0,0,0,0,0,0,0,0,0,0,0,0,0,0,0,0,0,33789,33790,
33801,33802,33803,0,0,0,0,0,0,0,0,0,0,0,0,0,0,0,0,0,0,0,0,0,0,0,0,0,0,0,0,0,0,0,0,0,33803,33804,33805,33806,
33817,33818,33819,33819,33819,33819,33819,33819,33820,33820,33820,33820,33820,33819,33820,33757,33758,0,0,0,0,0,0,33753,33754,33819,33820,33819,33820,33820,33820,33820,33820,33820,33820,33820,33820,33820,33821,33822,
33833,33834,33835,33835,33835,33835,33835,33835,33836,33836,33836,33836,33836,33835,33836,33773,33774,0,0,0,0,0,0,33769,33770,33835,33836,33835,33836,33836,33836,33836,33836,33836,33836,33836,33836,33836,33837,33838,
33849,33850,33851,33851,33851,33851,33851,33851,33852,33852,33852,33852,33852,33851,33852,33787,33787,0,0,0,0,0,0,33787,33787,33851,33852,33851,33852,33852,33852,33852,33852,33852,33852,33852,33852,33852,33853,33854
</data>
 </layer>
 <layer id="3" name="objets" width="40" height="40">
  <data encoding="csv">
0,0,35163,35164,35165,35166,35163,35164,35165,35166,35163,35164,35165,35166,35163,35164,35165,35166,35163,35164,35165,35166,35163,35164,35165,35166,35163,35164,35165,35166,35163,35164,35165,35166,35163,35164,35165,35166,0,0,
0,0,35179,35180,35181,35182,35179,35180,35181,35182,35179,35180,35181,35182,35179,35180,35181,35182,35179,35180,35181,35182,35179,35180,35181,35182,35179,35180,35181,35182,35179,35180,35181,35182,35179,35180,35181,35182,0,0,
0,0,35243,35244,35245,35246,35243,35244,35245,35246,35243,35244,35245,35246,35243,35244,35245,35246,35243,35244,35245,35246,35243,35244,35245,35246,35243,35244,35245,35246,35243,35244,35245,35246,35243,35244,35245,35246,0,0,
0,0,35259,35260,35261,35262,35259,35260,35261,35262,35259,35260,35261,35262,35259,35260,35261,35262,35259,35260,35261,35262,35259,35260,35261,35262,35259,35260,35261,35262,35259,35260,35261,35262,35259,35260,35261,35262,0,0,
0,0,34837,34838,34839,34840,0,0,0,0,0,0,0,0,0,0,0,0,0,0,0,0,0,0,0,0,0,0,0,0,0,0,0,0,34833,34834,34835,34836,0,0,
0,0,34853,34854,34855,34856,0,0,0,0,0,0,0,0,0,0,0,0,0,0,0,0,0,0,0,0,0,0,0,0,0,0,0,0,34849,34850,34851,34852,0,0,
0,0,34869,34870,34871,34872,0,0,0,0,0,0,0,0,0,0,0,0,0,0,0,0,0,0,0,0,0,0,0,0,0,0,0,0,34865,34866,34867,34868,0,0,
0,0,34885,34886,34887,34888,0,0,0,0,0,0,0,0,0,0,0,34597,34598,34599,34600,34601,34602,0,0,0,0,0,0,0,0,0,0,0,34881,34882,34883,34884,0,0,
0,0,34901,34902,34903,34904,0,0,0,0,0,0,0,0,0,0,0,34613,34614,34615,34616,34617,34618,0,0,0,0,0,0,0,0,0,0,0,34897,34898,34899,34900,0,0,
0,0,34917,34918,34919,34920,0,0,0,0,0,0,0,0,0,0,0,34629,34630,34631,34632,34633,34634,0,0,0,0,0,0,0,0,0,0,0,34913,34914,34915,34916,0,0,
0,0,34933,34934,34935,34936,0,0,0,0,0,0,0,0,0,0,0,34645,34646,34647,34648,34649,34650,0,0,0,0,0,0,0,0,0,0,0,34929,34930,34931,34932,0,0,
0,0,34949,34950,34951,34952,0,0,0,0,0,0,0,0,0,0,0,34661,34662,34663,34664,34665,34666,0,0,0,0,0,0,0,0,0,0,0,34945,34946,34947,34948,0,0,
0,0,34965,34966,34967,34968,0,0,0,0,0,0,0,0,0,0,0,34677,34678,34679,34680,34681,34682,0,0,0,0,0,0,0,0,0,0,0,34961,34962,34963,34964,0,0,
0,34603,34604,34605,34606,34607,34603,34604,34605,34606,34607,34608,0,0,0,0,0,0,0,0,0,0,0,0,0,0,0,0,0,0,0,0,0,0,36738,36739,36740,36741,0,0,
0,34619,34620,34621,34622,34623,34619,34620,34621,34622,34623,34624,0,0,0,0,0,0,0,0,0,0,0,0,0,0,0,0,0,0,0,0,0,0,36754,36755,36756,36757,0,0,
0,34635,34636,34637,34638,34639,34635,34636,34637,34638,34639,34640,0,0,0,0,0,0,0,0,0,0,0,0,0,0,0,0,0,0,0,0,0,0,36770,36771,36772,36773,0,0,
0,34651,34652,34653,34654,34655,34651,34652,34653,34654,34655,34656,0,0,0,0,0,0,0,0,0,0,0,0,0,0,0,0,0,0,0,0,0,0,36786,36787,36788,36789,0,0,
0,34667,34668,34669,34670,34671,34667,34668,34669,34670,34671,34672,0,0,0,0,0,0,0,0,0,0,0,0,0,0,0,0,0,0,0,0,0,0,36802,36803,36804,36805,0,0,
0,34683,34684,34685,34686,34687,34683,34684,34685,34686,34687,34688,0,0,0,0,0,0,0,0,0,0,0,0,0,0,0,0,0,0,0,0,0,0,36818,36819,36820,36821,0,0,
0,34603,34604,34605,34606,34607,34603,34604,34605,34606,34607,34608,0,0,0,0,0,0,0,0,0,0,0,0,0,0,0,0,0,0,0,0,0,0,0,0,0,0,0,0,
0,34619,34620,34621,34622,34623,34619,34620,34621,34622,34623,34624,0,0,0,0,0,0,0,0,0,0,0,0,0,0,0,0,0,0,0,0,0,0,0,0,0,0,0,0,
0,34635,34636,34637,34638,34639,34635,34636,34637,34638,34639,34640,0,0,0,0,0,0,0,37609,37610,37611,37612,37611,37612,37611,37612,37611,37612,37611,37612,37611,37612,37611,37611,37612,37613,37614,0,0,
0,34651,34652,34653,34654,34655,34651,34652,34653,34654,34655,34656,0,0,0,0,0,0,0,37625,37626,37627,37628,37627,37628,37627,37628,37627,37628,37627,37628,37627,37628,37627,37627,37628,37629,37630,0,0,
0,34667,34668,34669,34670,34671,34667,34668,34669,34670,34671,34672,0,0,0,0,0,0,0,37641,37642,37643,37644,37643,37644,37643,37644,37643,37644,37643,37644,37643,37644,37643,37643,37644,37645,37646,0,0,
0,34683,34684,34685,34686,34687,34683,34684,34685,34686,34687,34688,0,0,0,0,0,0,0,37657,37658,37659,37660,37659,37660,37659,37660,37659,37660,37659,37660,37659,37660,37659,37659,37660,37661,37662,0,0,
0,34603,34604,34605,34606,34607,34603,34604,34605,34606,34607,34608,0,0,0,0,0,0,0,37673,37674,37675,37676,37675,37676,37675,37676,37675,37676,37675,37676,37675,37676,37675,37675,37676,37677,37678,0,0,
0,34619,34620,34621,34622,34623,34619,34620,34621,34622,34623,34624,0,0,0,0,0,0,0,37689,37690,37691,37692,37691,37692,37691,37692,37691,37692,37691,37692,37691,37692,37691,37691,37692,37693,37694,0,0,
0,34635,34636,34637,34638,34639,34635,34636,34637,34638,34639,34640,0,0,0,0,0,0,0,0,0,0,0,0,0,0,0,0,0,0,0,0,0,0,0,0,0,0,0,0,
0,34651,34652,34653,34654,34655,34651,34652,34653,34654,34655,34656,0,0,0,0,0,0,0,0,0,0,0,0,0,0,0,0,0,0,0,0,0,0,0,0,0,0,0,0,
0,34667,34668,34669,34670,34671,34667,34668,34669,34670,34671,34672,0,0,0,0,0,0,0,0,0,0,0,0,0,0,0,0,0,0,0,0,0,0,0,0,0,0,0,0,
0,34683,34684,34685,34686,34687,34683,34684,34685,34686,34687,34688,0,0,0,0,0,0,0,0,0,0,0,0,0,0,0,0,0,0,0,0,0,0,0,0,0,0,0,0,
0,34603,34604,34605,34606,34607,34603,34604,34605,34606,34607,34608,0,0,0,0,0,0,0,0,0,0,0,0,0,0,0,0,0,0,0,0,0,0,0,0,0,0,0,0,
0,34619,34620,34621,34622,34623,34619,34620,34621,34622,34623,34624,0,0,0,0,0,0,0,0,0,0,0,0,0,0,0,0,0,0,36440,36441,36442,36443,36440,36441,36442,36443,36444,0,
0,34635,34636,34637,34638,34639,34635,34636,34637,34638,34639,34640,0,0,0,0,0,0,0,0,0,0,0,0,0,0,0,0,0,0,36456,36457,36458,36459,36456,36457,36458,36459,36460,0,
0,34651,34652,34653,34654,34655,34651,34652,34653,34654,34655,34656,0,0,0,0,0,0,0,0,0,0,0,0,0,0,0,0,0,0,36472,36473,36474,36475,36472,36473,36474,36475,36476,0,
0,34667,34668,34669,34670,34671,34667,34668,34669,34670,34671,34672,0,0,0,0,0,0,0,0,0,0,0,0,0,0,0,0,0,0,36488,36489,36490,36491,36488,36489,36490,36491,36492,0,
0,34683,34684,34685,34686,34687,34683,34684,34685,34686,34687,34688,0,0,0,0,0,0,0,0,0,0,0,0,0,0,0,0,0,0,36504,36505,36506,36507,36504,36505,36506,36507,36508,0,
0,0,0,0,0,0,0,0,0,0,0,0,0,0,0,0,0,0,0,0,0,0,0,0,0,0,0,0,0,0,36520,36521,36522,36523,36524,36521,36522,36523,36524,0,
0,0,0,0,0,0,0,0,0,0,0,0,0,0,0,0,0,0,0,0,0,0,0,0,0,0,0,0,0,0,0,0,0,0,0,0,0,0,0,0,
0,0,0,0,0,0,0,0,0,0,0,0,0,0,0,0,0,0,0,0,0,0,0,0,0,0,0,0,0,0,0,0,0,0,0,0,0,0,0,0
</data>
 </layer>
 <layer id="4" name="sur-object" width="40" height="40">
  <data encoding="csv">
0,0,0,0,0,0,0,0,0,0,0,0,0,0,0,0,0,0,0,0,0,0,0,0,0,0,0,0,0,0,0,0,0,0,0,0,0,0,0,0,
0,0,0,0,0,0,0,0,0,0,0,0,0,0,0,0,0,0,0,0,0,0,0,0,0,0,0,0,0,0,0,0,0,0,0,0,0,0,0,0,
0,0,0,0,0,0,0,0,0,0,0,0,0,0,0,0,0,0,0,0,0,0,0,0,0,0,0,0,0,0,0,0,0,0,0,0,0,0,0,0,
0,0,0,0,0,0,0,0,0,0,0,0,0,0,0,0,0,0,0,0,0,0,0,0,0,0,0,0,0,0,0,0,0,0,0,0,0,0,0,0,
0,0,0,0,36380,36381,36382,36383,0,0,0,0,0,0,0,0,0,0,0,0,0,0,0,0,0,0,0,0,0,0,0,0,0,0,0,0,0,0,0,0,
0,0,0,0,36396,36397,36398,36399,0,0,0,0,0,0,0,0,0,0,0,0,0,0,0,0,0,0,0,0,0,0,0,0,0,0,0,0,0,0,0,0,
0,0,0,0,36412,36413,36414,36415,0,0,0,0,0,0,0,0,0,0,0,0,0,0,0,0,0,0,0,0,0,0,0,0,0,0,0,0,0,0,0,0,
0,0,0,0,0,0,0,0,0,0,0,0,0,0,0,0,0,0,0,0,0,0,0,0,0,0,0,0,0,0,0,0,0,0,0,0,0,0,0,0,
0,0,0,0,0,0,0,0,0,0,0,0,0,0,0,0,0,0,0,0,0,0,0,0,0,0,0,0,0,0,0,0,0,0,0,0,0,0,0,0,
0,0,0,0,0,0,0,0,0,0,0,0,0,0,0,0,0,0,0,0,0,0,0,0,0,0,0,0,0,0,0,0,0,0,0,0,0,0,0,0,
0,0,0,0,0,0,0,0,0,0,0,0,0,0,0,0,0,0,0,0,0,0,0,0,0,0,0,0,0,0,0,0,0,0,0,0,0,0,0,0,
0,0,0,0,0,0,0,0,0,0,0,0,0,0,0,0,0,0,0,0,0,0,0,0,0,0,0,0,0,0,0,0,0,0,0,0,0,0,0,0,
0,0,0,0,0,0,0,0,0,0,0,0,0,0,0,0,0,0,0,0,0,0,0,0,0,0,0,0,0,0,0,0,0,0,0,0,0,0,0,0,
0,0,0,0,0,0,0,0,0,0,0,0,0,0,0,0,0,0,0,0,0,0,0,0,0,0,0,0,0,0,0,0,0,0,0,0,0,0,0,0,
0,0,0,0,0,0,0,0,0,0,0,0,0,0,0,0,0,0,0,0,0,0,0,0,0,0,0,0,0,0,0,0,0,0,0,0,0,0,0,0,
0,0,0,0,0,0,0,0,0,0,0,0,0,0,0,0,0,0,0,0,0,0,0,0,0,0,0,0,0,0,0,0,0,0,0,0,0,0,0,0,
0,0,0,0,0,0,0,0,0,0,0,0,0,0,0,0,0,0,0,0,0,0,0,0,0,0,0,0,0,0,0,0,0,0,0,0,0,0,0,0,
0,0,0,0,0,0,0,0,0,0,0,0,0,0,0,0,0,0,0,0,0,0,0,0,0,0,0,0,0,0,0,0,0,0,0,0,0,0,0,0,
0,0,0,0,0,0,0,0,0,0,0,0,0,0,0,0,0,0,0,0,0,0,0,0,0,0,0,0,0,0,0,0,0,0,0,0,0,0,0,0,
0,0,0,0,0,0,0,0,0,0,0,0,0,0,0,0,0,0,0,0,0,0,0,0,0,0,0,0,0,0,0,0,0,0,0,0,0,0,0,0,
0,0,0,0,0,0,0,0,0,0,0,0,0,0,0,0,0,0,0,0,0,0,0,0,0,0,0,0,0,0,0,0,0,0,0,0,0,0,0,0,
0,0,0,0,0,0,0,0,0,0,0,0,0,0,0,0,0,0,0,0,0,0,0,0,0,36380,36381,36382,36383,0,0,0,0,0,0,0,0,0,0,0,
0,0,0,0,0,0,0,0,0,0,0,0,0,0,0,0,0,0,0,0,37151,37152,0,0,0,36396,36397,36398,36399,0,0,0,0,0,0,0,0,0,0,0,
0,0,0,0,0,0,0,0,0,0,0,0,0,0,0,0,0,0,0,0,37167,37168,0,37147,37148,36412,36413,36414,36415,37148,0,0,0,37147,37148,0,0,0,0,0,
0,0,0,0,0,0,0,0,0,0,0,0,0,0,0,0,0,0,0,0,37183,37184,0,37163,37164,0,0,0,37163,37164,0,0,0,37163,37164,0,0,0,0,0,
0,0,0,0,0,0,0,0,0,0,0,0,0,0,0,0,0,0,0,0,0,0,0,37179,37180,0,0,0,37179,37180,0,0,0,37179,37180,0,0,0,0,0,
0,0,0,0,0,0,0,0,0,0,0,0,0,0,0,0,0,0,0,0,0,0,0,0,0,0,0,0,0,0,0,0,0,0,0,0,0,0,0,0,
0,0,0,0,0,0,0,0,0,0,0,0,0,0,0,0,0,0,0,0,0,0,0,0,0,0,0,0,0,0,0,0,0,0,0,0,0,0,0,0,
0,0,0,0,0,0,0,0,0,0,0,0,0,0,0,0,0,0,0,0,0,0,0,0,0,0,0,0,0,0,0,0,0,0,0,0,0,0,0,0,
0,0,0,0,0,0,0,0,0,0,0,0,0,0,0,0,0,0,0,0,0,0,0,0,0,0,0,0,0,0,0,0,0,0,0,0,0,0,0,0,
0,0,0,0,0,0,0,0,0,0,0,0,0,0,0,0,0,0,0,0,0,0,0,0,0,0,0,0,0,0,0,0,0,0,0,0,0,0,0,0,
0,0,0,0,0,0,0,0,0,0,0,0,0,0,0,0,0,0,0,0,0,0,0,0,0,0,0,0,0,0,0,0,0,0,0,0,0,0,0,0,
0,0,0,0,0,0,0,0,0,0,0,0,0,0,0,0,0,0,0,0,0,0,0,0,0,0,0,0,0,0,0,0,0,0,0,0,0,0,0,0,
0,0,0,0,0,0,0,0,0,0,0,0,0,0,0,0,0,0,0,0,0,0,0,0,0,0,0,0,0,0,0,0,0,0,0,0,0,0,0,0,
0,0,0,0,0,0,0,0,0,0,0,0,0,0,0,0,0,0,0,0,0,0,0,0,0,0,36380,36381,36382,36383,0,0,0,0,0,36393,36394,0,0,0,
0,0,0,0,0,0,0,0,0,0,0,0,0,0,0,0,0,0,0,0,0,0,0,0,0,0,36396,36397,36398,36399,0,0,0,0,0,36409,36410,0,0,0,
0,0,0,0,0,0,0,0,0,0,0,0,0,0,0,0,0,0,0,0,0,0,0,0,0,0,36412,36413,36414,36415,0,0,0,0,0,0,0,0,0,0,
0,0,0,0,0,0,0,0,0,0,0,0,0,0,0,0,0,0,0,0,0,0,0,0,0,0,0,0,0,0,0,0,0,0,0,0,0,0,0,0,
0,0,0,0,0,0,0,0,0,0,0,0,0,0,0,0,0,0,0,0,0,0,0,0,0,0,0,0,0,0,0,0,0,0,0,0,0,0,0,0,
0,0,0,0,0,0,0,0,0,0,0,0,0,0,0,0,0,0,0,0,0,0,0,0,0,0,0,0,0,0,0,0,0,0,0,0,0,0,0,0
</data>
 </layer>
 <layer id="5" name="collision" width="40" height="40">
  <data encoding="csv">
20833,20833,20833,20833,20833,20833,20833,20833,20833,20833,20833,20833,20833,20833,20833,20833,20833,20833,20833,20833,20833,20833,20833,20833,20833,20833,20833,20833,20833,20833,20833,20833,20833,20833,20833,20833,20833,20833,20833,20833,
20833,20833,20833,20833,20833,20833,20833,20833,20833,20833,20833,20833,20833,20833,20833,20833,20833,20833,20833,20833,20833,20833,20833,20833,20833,20833,20833,20833,20833,20833,20833,20833,20833,20833,20833,20833,20833,20833,20833,20833,
20833,20833,20833,20833,20833,20833,20833,20833,20833,20833,20833,20833,20833,20833,20833,20833,20833,20833,20833,20833,20833,20833,20833,20833,20833,20833,20833,20833,20833,20833,20833,20833,20833,20833,20833,20833,20833,20833,20833,20833,
20833,20833,20833,20833,20833,20833,20833,20833,20833,20833,20833,20833,20833,20833,20833,20833,20833,20833,20833,20833,20833,20833,20833,20833,20833,20833,20833,20833,20833,20833,20833,20833,20833,20833,20833,20833,20833,20833,20833,20833,
20833,20833,20833,20833,20833,20833,20833,0,0,0,0,0,0,0,0,0,0,0,0,0,0,0,0,0,0,0,0,0,0,0,0,0,0,0,0,0,20833,20833,20833,20833,
20833,20833,20833,20833,20833,20833,20833,20833,0,0,0,0,0,0,0,0,0,0,0,0,0,0,0,0,0,0,0,0,0,0,0,0,0,0,0,0,20833,20833,20833,20833,
20833,20833,20833,20833,20833,20833,20833,20833,0,0,0,0,0,0,0,0,0,0,0,0,0,0,0,0,0,0,0,0,0,0,0,0,0,0,0,20833,20833,20833,20833,20833,
20833,20833,20833,20833,20833,20833,0,0,0,0,0,0,0,0,0,0,0,0,0,20833,20833,0,0,0,0,0,0,0,0,0,0,0,0,0,20833,20833,20833,20833,20833,20833,
20833,20833,20833,20833,20833,20833,0,0,0,0,0,0,0,0,0,0,0,0,20833,20833,20833,20833,0,0,0,0,0,0,0,0,0,0,0,0,20833,20833,20833,20833,20833,20833,
20833,20833,20833,20833,20833,20833,0,0,0,0,0,0,0,0,0,0,0,20833,20833,20833,20833,20833,20833,0,0,0,0,0,0,0,0,0,0,0,20833,20833,20833,20833,20833,20833,
20833,20833,20833,20833,20833,20833,0,0,0,0,0,0,0,0,0,0,0,20833,20833,20833,20833,20833,20833,0,0,0,0,0,0,0,0,0,0,0,20833,20833,20833,20833,20833,20833,
20833,20833,20833,20833,20833,20833,0,0,0,0,0,0,0,0,0,0,0,20833,20833,20833,20833,20833,20833,0,0,0,0,0,0,0,0,0,0,0,20833,20833,20833,20833,20833,20833,
20833,20833,20833,20833,20833,20833,0,0,0,0,0,0,0,0,0,0,0,0,20833,20833,20833,20833,0,0,0,0,0,0,0,0,0,0,0,0,20833,20833,20833,20833,20833,20833,
20833,20833,20833,20833,20833,0,0,0,20833,20833,0,0,0,0,0,0,0,0,0,0,0,0,0,0,0,0,0,0,0,0,0,0,0,0,20833,20833,20833,20833,20833,20833,
20833,20833,20833,20833,20833,20833,20833,20833,20833,20833,20833,0,0,0,0,0,0,0,0,0,0,0,0,0,0,0,0,0,0,0,0,0,0,0,20833,20833,20833,20833,20833,20833,
20833,20833,20833,20833,20833,20833,20833,20833,20833,20833,20833,0,0,0,0,0,0,0,0,0,0,0,0,0,0,0,0,0,0,0,0,0,0,0,20833,20833,20833,20833,20833,20833,
20833,20833,20833,20833,20833,20833,20833,20833,20833,20833,20833,0,0,0,0,0,0,0,0,0,0,0,0,0,0,0,0,0,0,0,0,0,0,0,0,20833,20833,0,20833,20833,
20833,20833,20833,20833,20833,20833,20833,20833,20833,20833,20833,0,0,0,0,0,0,0,0,0,0,0,0,0,0,0,0,0,0,0,0,0,0,0,0,20833,20833,0,20833,20833,
20833,20833,20833,20833,20833,20833,20833,20833,20833,20833,20833,0,0,0,0,0,0,0,0,0,0,0,0,0,0,0,0,0,0,0,0,0,0,0,0,20833,20833,0,20833,20833,
20833,20833,20833,20833,20833,20833,20833,20833,20833,20833,20833,0,0,0,0,0,0,0,0,0,0,0,0,0,0,0,0,0,0,0,0,0,0,0,0,0,0,0,20833,20833,
20833,20833,20833,20833,20833,20833,20833,20833,20833,20833,20833,0,0,0,0,0,0,0,0,0,0,0,0,0,0,0,0,0,0,0,0,0,0,0,0,0,0,0,20833,20833,
20833,20833,20833,20833,20833,20833,20833,20833,20833,20833,20833,0,0,0,0,0,0,0,0,20833,20833,20833,20833,20833,20833,20833,20833,20833,20833,20833,20833,20833,20833,20833,20833,20833,20833,20833,20833,20833,
20833,20833,20833,20833,20833,20833,20833,20833,20833,20833,20833,0,0,0,0,0,0,0,0,20833,20833,20833,20833,20833,20833,20833,20833,20833,20833,20833,20833,20833,20833,20833,20833,20833,20833,20833,20833,20833,
20833,20833,20833,20833,20833,20833,20833,20833,20833,20833,20833,0,0,0,0,0,0,0,0,20833,20833,20833,20833,20833,20833,20833,20833,20833,20833,20833,20833,20833,20833,20833,20833,20833,20833,20833,20833,20833,
20833,20833,20833,20833,20833,20833,20833,20833,20833,20833,20833,0,0,0,0,0,0,0,0,20833,20833,20833,20833,20833,20833,20833,20833,20833,20833,20833,20833,20833,20833,20833,20833,20833,20833,20833,20833,20833,
20833,20833,20833,20833,20833,20833,20833,20833,20833,20833,20833,0,0,0,0,0,0,0,0,20833,20833,20833,20833,20833,20833,20833,20833,20833,20833,20833,20833,20833,20833,20833,20833,20833,20833,20833,20833,20833,
20833,20833,20833,20833,20833,20833,20833,20833,20833,20833,20833,0,0,0,0,0,0,0,0,20833,0,0,0,0,0,0,0,0,0,0,0,0,0,0,0,0,0,20833,20833,20833,
20833,20833,20833,20833,20833,20833,20833,20833,20833,20833,20833,0,0,0,0,0,0,0,0,0,0,0,0,0,0,0,0,0,0,0,0,0,0,0,0,0,0,0,20833,20833,
20833,20833,20833,20833,20833,20833,20833,20833,20833,20833,20833,0,0,0,0,0,0,0,0,0,0,0,0,0,0,0,0,0,0,0,0,0,0,0,0,0,0,0,20833,20833,
20833,20833,20833,20833,20833,20833,20833,20833,20833,20833,20833,0,0,0,0,0,0,0,0,0,0,0,0,0,0,0,0,0,0,0,0,0,0,0,0,0,0,0,20833,20833,
20833,20833,20833,20833,20833,20833,20833,20833,20833,20833,20833,0,0,0,0,0,0,0,0,0,0,0,0,0,0,0,0,0,0,0,0,0,0,0,0,0,0,0,20833,20833,
20833,20833,20833,20833,20833,20833,20833,20833,20833,20833,20833,0,0,0,0,0,0,0,0,0,0,0,0,0,0,0,0,0,0,0,0,0,0,0,0,0,0,0,20833,20833,
20833,20833,20833,20833,20833,20833,20833,20833,20833,20833,20833,0,0,0,0,0,0,0,0,0,0,0,0,0,0,0,0,0,0,0,20833,20833,20833,20833,20833,20833,20833,20833,20833,20833,
20833,20833,20833,20833,20833,20833,20833,20833,20833,20833,20833,0,0,0,0,0,0,0,0,0,0,0,0,0,0,0,0,0,0,0,20833,20833,20833,20833,20833,20833,20833,20833,20833,20833,
20833,20833,20833,20833,20833,20833,20833,20833,20833,20833,20833,0,0,0,0,0,0,0,0,0,0,0,0,0,0,0,0,20833,20833,0,20833,20833,20833,20833,20833,20833,20833,20833,20833,20833,
20833,20833,20833,20833,20833,20833,20833,20833,20833,20833,20833,0,0,0,0,0,0,0,0,0,0,0,0,0,0,0,20833,20833,20833,20833,20833,20833,20833,20833,20833,20833,20833,20833,20833,20833,
20833,20833,20833,20833,20833,20833,20833,20833,20833,20833,20833,0,0,0,0,0,0,0,0,0,0,0,0,0,0,0,20833,20833,20833,20833,20833,20833,20833,20833,20833,20833,20833,20833,20833,20833,
20833,20833,20833,20833,20833,20833,20833,20833,20833,20833,20833,20833,20833,20833,20833,20833,20833,0,0,0,0,0,0,20833,20833,20833,20833,20833,20833,20833,20833,20833,20833,20833,20833,20833,20833,20833,20833,20833,
20833,20833,20833,20833,20833,20833,20833,20833,20833,20833,20833,20833,20833,20833,20833,20833,20833,0,0,0,0,0,0,20833,20833,20833,20833,20833,20833,20833,20833,20833,20833,20833,20833,20833,20833,20833,20833,20833,
20833,20833,20833,20833,20833,20833,20833,20833,20833,20833,20833,20833,20833,20833,20833,20833,20833,0,0,0,0,0,0,20833,20833,20833,20833,20833,20833,20833,20833,20833,20833,20833,20833,20833,20833,20833,20833,20833
</data>
 </layer>
</map>
