<?xml version="1.0" encoding="UTF-8"?>
<map version="1.9" tiledversion="1.9.2" orientation="orthogonal" renderorder="right-down" width="32" height="32" tilewidth="32" tileheight="32" infinite="1" nextlayerid="4" nextobjectid="1">
 <tileset firstgid="1" source="pokemon_style.tsx"/>
 <layer id="1" name="Calque de Tuiles 1" width="32" height="32">
  <data encoding="csv">
   <chunk x="-32" y="0" width="16" height="16">
0,0,0,0,0,0,0,0,0,0,0,0,0,0,0,0,
0,0,0,0,0,0,0,0,0,0,0,0,0,0,0,0,
0,0,0,0,0,0,0,0,0,0,0,0,0,0,0,0,
0,0,0,0,0,0,0,0,0,0,0,0,0,0,0,0,
0,0,0,0,0,0,0,0,0,0,0,0,0,0,0,0,
0,0,0,0,0,0,0,0,0,0,0,0,0,0,0,0,
0,0,0,0,0,0,0,0,0,0,0,0,0,0,0,0,
0,0,0,0,0,0,0,0,0,0,0,0,0,0,0,0,
0,0,0,0,0,0,0,0,0,0,0,0,0,0,0,0,
0,0,0,0,0,0,0,0,0,0,0,0,1113,1114,1114,1114,
0,0,0,0,0,0,0,0,0,0,0,0,1449,1122,1122,1122,
0,0,0,0,0,0,0,0,0,0,0,0,1449,1122,1122,1122,
0,0,0,0,0,0,0,0,0,0,0,0,1449,1122,1122,1122,
0,0,0,0,0,0,0,0,0,0,0,0,1449,1122,1122,1122,
0,0,0,0,0,0,0,0,0,0,0,0,1449,1122,1122,1122,
0,0,0,0,0,0,0,0,0,0,0,0,1449,962,962,962
</chunk>
   <chunk x="-16" y="0" width="16" height="16">
0,0,0,0,0,0,0,0,0,0,0,0,0,0,0,0,
0,0,0,0,0,0,0,0,0,0,0,0,0,0,0,0,
0,0,0,0,0,0,0,0,0,0,0,0,0,0,0,0,
0,0,0,0,0,0,0,0,0,0,0,0,0,0,0,0,
0,0,0,0,0,0,0,0,0,0,0,0,0,0,0,0,
0,0,0,0,0,0,0,0,0,0,0,0,0,0,0,0,
0,0,0,0,0,0,0,0,0,0,0,0,0,0,0,0,
0,0,0,0,0,0,0,0,0,0,0,0,0,0,0,0,
0,0,0,0,0,0,0,0,0,0,0,0,0,0,0,0,
1114,1114,1114,1114,1114,1115,0,0,0,0,0,0,0,0,0,0,
1122,1122,1122,1122,1122,1451,0,0,0,0,0,0,0,0,0,0,
1122,1122,1122,1122,1122,1451,0,0,0,0,0,0,0,0,0,0,
1122,1122,1122,1122,1122,1451,0,0,0,0,0,0,0,0,0,0,
1122,1122,1122,1122,1122,1451,0,0,0,0,0,0,0,0,0,0,
1122,1122,1122,1122,1122,1451,0,0,0,0,0,0,0,0,0,0,
962,962,962,962,962,1099,0,0,0,0,0,0,0,0,0,0
</chunk>
   <chunk x="0" y="0" width="16" height="16">
928,928,928,928,928,0,0,0,0,0,0,0,0,0,0,0,
928,928,928,928,928,0,0,0,0,0,0,0,0,0,0,0,
928,928,928,928,928,0,0,0,0,0,0,0,0,0,0,0,
0,0,0,0,0,0,0,0,0,0,0,0,0,0,0,0,
0,0,0,0,0,0,0,0,0,0,0,0,0,0,0,0,
0,0,0,0,0,0,0,0,0,0,0,0,0,0,0,0,
0,0,0,0,0,0,0,0,0,0,0,0,0,0,0,0,
0,0,0,0,0,0,0,0,0,0,0,0,0,0,0,0,
0,0,0,0,0,0,0,0,0,0,0,0,0,0,0,0,
0,0,0,0,0,0,2147484763,2147484762,2147484762,2147484762,2147484762,2147484762,2147484762,2147484762,2147484762,2147484761,
0,0,0,0,0,0,2147485099,2147484770,2147484770,2147484770,2147484770,2147484770,2147484770,2147484770,2147484770,2147485097,
0,0,0,0,0,0,2147485099,2147484770,2147484770,2147484770,2147484770,2147484770,2147484770,2147484770,2147484770,2147485097,
0,0,0,0,0,0,2147485099,2147484770,2147484770,2147484770,2147484770,2147484770,2147484770,2147484770,2147484770,2147485097,
0,0,0,0,0,0,2147485099,2147484770,2147484770,2147484770,2147484770,2147484770,2147484770,2147484770,2147484770,2147485097,
0,0,0,0,0,0,2147485099,2147484770,2147484770,2147484770,2147484770,2147484770,2147484770,2147484770,2147484770,2147485097,
0,0,0,0,0,0,2147484747,2147484610,2147484610,2147484610,2147484610,2147484610,2147484610,2147484610,2147484610,2147485097
</chunk>
   <chunk x="-32" y="16" width="16" height="16">
0,0,0,0,0,0,0,0,0,0,0,0,969,970,970,970,
0,0,0,0,0,0,0,0,0,0,0,0,969,970,970,970,
0,0,0,0,0,0,0,0,0,0,0,0,969,970,970,970,
0,0,0,0,0,0,0,0,0,0,0,0,969,970,970,970,
0,0,0,0,0,0,0,0,0,0,0,0,977,978,978,978,
0,0,0,0,0,0,0,0,0,0,0,0,0,0,0,0,
0,0,0,0,0,0,0,0,0,0,0,0,0,0,0,0,
0,0,0,0,0,0,0,0,0,0,0,0,0,0,0,0,
0,0,0,0,0,0,0,0,0,0,0,0,0,0,0,0,
0,0,0,0,0,0,0,0,0,0,0,0,0,0,0,0,
0,0,0,0,0,0,0,0,0,0,0,0,0,0,0,0,
0,0,0,0,0,0,0,0,0,0,0,0,0,0,0,0,
0,0,0,0,0,0,0,0,0,0,0,0,0,0,0,0,
0,0,0,0,0,0,0,0,0,0,0,0,0,0,0,0,
0,0,0,0,0,0,0,0,0,0,0,0,0,0,0,0,
0,0,0,0,0,0,0,0,0,0,0,0,0,0,0,0
</chunk>
   <chunk x="-16" y="16" width="16" height="16">
970,970,970,970,970,1099,0,0,0,0,0,0,0,0,0,0,
970,970,970,970,970,1099,0,0,0,0,0,0,0,0,0,0,
970,970,970,970,970,1099,0,0,0,0,0,0,0,0,0,0,
970,970,970,970,970,1099,0,0,0,0,0,0,0,0,0,0,
978,978,978,978,978,1099,0,0,0,0,0,0,0,0,0,0,
0,0,0,0,0,0,0,0,0,0,0,0,0,0,0,0,
0,0,0,0,0,0,0,0,0,0,0,0,0,0,0,0,
0,0,0,0,0,0,0,0,0,0,0,0,0,0,0,0,
0,0,0,0,0,0,0,0,0,0,0,0,0,0,0,0,
0,0,0,0,0,0,0,0,0,0,0,0,0,0,0,0,
0,0,0,0,0,0,0,0,0,0,0,0,0,0,0,0,
0,0,0,0,0,0,0,0,0,0,0,0,0,0,0,0,
0,0,0,0,0,0,0,0,0,0,0,0,0,0,0,0,
0,0,0,0,0,0,0,0,0,0,0,0,0,0,0,0,
0,0,0,0,0,0,0,0,0,0,0,0,0,0,0,0,
0,0,0,0,0,0,0,0,0,0,0,0,0,0,0,0
</chunk>
   <chunk x="0" y="16" width="16" height="16">
0,0,0,0,0,0,2147484747,2147484618,2147484618,2147484618,2147484618,2147484618,2147484618,2147484618,2147484618,2147484617,
0,0,0,0,0,0,2147484747,2147484618,2147484618,2147484618,2147484618,2147484618,2147484618,2147484618,2147484618,2147484617,
0,0,0,0,0,0,2147484747,2147484618,2147484618,2147484618,2147484618,2147484618,2147484618,2147484618,2147484618,2147484617,
0,0,0,0,0,0,2147484747,2147484618,2147484618,2147484618,2147484618,2147484618,2147484618,2147484618,2147484618,2147484617,
0,0,0,0,0,0,2147484747,2147484626,2147484626,2147484626,2147484626,2147484626,2147484626,2147484626,2147484626,2147484625,
0,0,0,0,0,0,0,0,0,0,0,0,0,0,0,0,
0,0,0,0,0,0,0,0,0,0,0,0,0,0,0,0,
0,0,0,0,0,0,0,0,0,0,0,0,0,0,0,0,
0,0,0,0,0,0,0,0,0,0,0,0,0,0,0,0,
0,0,0,0,0,0,0,0,0,0,0,0,0,0,0,0,
0,0,0,0,0,0,0,0,0,0,0,0,0,0,0,0,
0,0,0,0,0,0,0,0,0,0,0,0,0,0,0,0,
0,0,0,0,0,0,0,0,0,0,0,0,0,0,0,0,
0,0,0,0,0,0,0,0,0,0,0,0,0,0,0,0,
0,0,0,0,0,0,0,0,0,0,0,0,0,0,0,0,
0,0,0,0,0,0,0,0,0,0,0,0,0,0,0,0
</chunk>
  </data>
 </layer>
 <layer id="3" name="escalier" width="32" height="32">
  <data encoding="csv"/>
 </layer>
 <layer id="2" name="Calque de Tuiles 2" width="32" height="32">
  <data encoding="csv">
   <chunk x="-32" y="0" width="16" height="16">
0,0,0,0,0,0,0,0,0,0,0,0,0,0,0,0,
0,0,0,0,0,0,0,0,0,0,0,0,0,0,0,0,
0,0,0,0,0,0,0,0,0,0,0,0,0,0,0,0,
0,0,0,0,0,0,0,0,0,0,0,0,0,0,0,0,
0,0,0,0,0,0,0,0,0,0,0,0,0,0,0,0,
0,0,0,0,0,0,0,0,0,0,0,0,0,0,0,0,
0,0,0,0,0,0,0,0,0,0,0,0,0,0,0,0,
0,0,0,0,0,0,0,0,0,0,0,0,0,0,0,0,
0,0,0,0,0,0,0,0,0,0,0,0,0,0,0,0,
0,0,0,0,0,0,0,0,0,0,0,0,1113,1114,1114,1114,
0,0,0,0,0,0,0,0,0,0,0,0,1121,1122,1122,1122,
0,0,0,0,0,0,0,0,0,0,0,0,1121,1122,1122,1122,
0,0,0,0,0,0,0,0,0,0,0,0,1121,1122,1122,1122,
0,0,0,0,0,0,0,0,0,0,0,0,1121,1122,1122,1122,
0,0,0,0,0,0,0,0,0,0,0,0,1121,1122,1122,1122,
0,0,0,0,0,0,0,0,0,0,0,0,961,1130,1130,1130
</chunk>
   <chunk x="-16" y="0" width="16" height="16">
0,0,0,0,0,0,0,0,0,0,0,0,0,0,0,0,
0,0,0,0,0,0,0,0,0,0,0,0,0,0,0,0,
0,0,0,0,0,0,0,0,0,0,0,0,0,0,0,0,
0,0,0,0,0,0,0,0,0,0,0,0,0,0,0,0,
0,0,0,0,0,0,0,0,0,0,0,0,0,0,0,0,
0,0,0,0,0,0,0,0,0,0,0,0,0,0,0,0,
0,0,0,0,0,0,0,0,0,0,0,0,0,0,0,0,
0,0,0,0,0,0,0,0,0,0,0,0,0,0,0,0,
0,0,0,0,0,0,0,0,0,0,0,0,0,0,0,0,
1114,1114,1114,1114,1114,1115,0,0,0,0,0,0,0,0,0,0,
1122,1122,1122,1122,1122,1123,0,0,0,0,0,0,0,0,0,0,
1122,1122,1122,1122,1122,1123,0,0,0,0,0,0,0,0,0,0,
1122,1122,1122,1122,1122,1123,0,0,0,0,0,0,0,0,0,0,
1122,1122,1122,1122,1122,1123,0,0,0,0,0,0,0,0,0,0,
1122,1122,1122,1122,1122,1123,0,0,0,0,0,0,0,0,0,0,
1130,1130,1130,1130,1130,1131,0,0,0,0,0,0,0,0,0,0
</chunk>
   <chunk x="0" y="0" width="16" height="16">
0,0,0,0,0,0,0,0,0,0,0,0,0,0,0,0,
0,0,0,0,0,0,0,0,0,0,0,0,0,0,0,0,
0,0,0,0,0,0,0,0,0,0,0,0,0,0,0,0,
0,0,0,0,0,0,0,0,0,0,0,0,0,0,0,0,
0,0,0,0,0,0,0,0,0,0,0,0,0,0,0,0,
0,0,0,0,0,0,0,0,0,0,0,0,0,0,0,0,
0,0,0,0,0,0,0,0,0,0,0,0,0,0,0,0,
0,0,0,0,0,0,0,0,0,0,0,0,0,0,0,0,
0,0,0,0,0,0,0,0,0,0,0,0,0,0,0,0,
0,0,0,0,0,0,2147484763,2147484762,2147484762,2147484762,2147484762,2147484762,2147484762,2147484762,2147484762,2147484761,
0,0,0,0,0,0,2147484771,2147484770,2147484770,2147484770,2147484770,2147484770,2147484770,2147484770,2147484770,2147484769,
0,0,0,0,0,0,2147484771,2147484770,2147484770,2147484770,2147484770,2147484770,2147484770,2147484770,2147484770,2147484769,
0,0,0,0,0,0,2147484771,2147484770,2147484770,2147484770,2147484770,2147484770,2147484770,2147484770,2147484770,2147484769,
0,0,0,0,0,0,2147484771,2147484770,2147484770,2147484770,2147484770,2147484770,2147484770,2147484770,2147484770,2147484769,
0,0,0,0,0,0,2147484771,2147484770,2147484770,2147484770,2147484770,2147484770,2147484770,2147484770,2147484770,2147484769,
0,0,0,0,0,0,2147484779,2147484778,2147484778,2147484778,2147484778,2147484778,2147484778,2147484778,2147484778,2147484609
</chunk>
   <chunk x="-32" y="16" width="16" height="16">
0,0,0,0,0,0,0,0,0,0,0,0,0,0,0,0,
0,0,0,0,0,0,0,0,0,0,0,0,0,0,0,0,
0,0,0,0,0,0,0,0,0,0,0,0,0,0,0,0,
0,0,0,0,0,0,0,0,0,0,0,0,0,0,0,0,
0,0,0,0,0,0,0,0,0,0,0,0,969,970,970,970,
0,0,0,0,0,0,0,0,0,0,0,0,0,0,0,0,
0,0,0,0,0,0,0,0,0,0,0,0,0,0,0,0,
0,0,0,0,0,0,0,0,0,0,0,0,0,0,0,0,
0,0,0,0,0,0,0,0,0,0,0,0,0,0,0,0,
0,0,0,0,0,0,0,0,0,0,0,0,0,0,0,0,
0,0,0,0,0,0,0,0,0,0,0,0,0,0,0,0,
0,0,0,0,0,0,0,0,0,0,0,0,0,0,0,0,
0,0,0,0,0,0,0,0,0,0,0,0,0,0,0,0,
0,0,0,0,0,0,0,0,0,0,0,0,0,0,0,0,
0,0,0,0,0,0,0,0,0,0,0,0,0,0,0,0,
0,0,0,0,0,0,0,0,0,0,0,0,0,0,0,0
</chunk>
   <chunk x="-16" y="16" width="16" height="16">
0,0,0,0,0,0,0,0,0,0,0,0,0,0,0,0,
0,0,0,0,0,0,0,0,0,0,0,0,0,0,0,0,
0,0,0,0,0,0,0,0,0,0,0,0,0,0,0,0,
0,0,0,0,0,0,0,0,0,0,0,0,0,0,0,0,
970,970,970,970,970,0,0,0,0,0,0,0,0,0,0,0,
0,0,0,0,0,0,0,0,0,0,0,0,0,0,0,0,
0,0,0,0,0,0,0,0,0,0,0,0,0,0,0,0,
0,0,0,0,0,0,0,0,0,0,0,0,0,0,0,0,
0,0,0,0,0,0,0,0,0,0,0,0,0,0,0,0,
0,0,0,0,0,0,0,0,0,0,0,0,0,0,0,0,
0,0,0,0,0,0,0,0,0,0,0,0,0,0,0,0,
0,0,0,0,0,0,0,0,0,0,0,0,0,0,0,0,
0,0,0,0,0,0,0,0,0,0,0,0,0,0,0,0,
0,0,0,0,0,0,0,0,0,0,0,0,0,0,0,0,
0,0,0,0,0,0,0,0,0,0,0,0,0,0,0,0,
0,0,0,0,0,0,0,0,0,0,0,0,0,0,0,0
</chunk>
   <chunk x="0" y="16" width="16" height="16">
0,0,0,0,0,0,0,0,0,0,0,0,0,0,0,0,
0,0,0,0,0,0,0,0,0,0,0,0,0,0,0,0,
0,0,0,0,0,0,0,0,0,0,0,0,0,0,0,0,
0,0,0,0,0,0,0,0,0,0,0,0,0,0,0,0,
0,0,0,0,0,0,0,2147484618,2147484618,2147484618,2147484618,2147484618,2147484618,2147484618,2147484618,2147484617,
0,0,0,0,0,0,0,0,0,0,0,0,0,0,0,0,
0,0,0,0,0,0,0,0,0,0,0,0,0,0,0,0,
0,0,0,0,0,0,0,0,0,0,0,0,0,0,0,0,
0,0,0,0,0,0,0,0,0,0,0,0,0,0,0,0,
0,0,0,0,0,0,0,0,0,0,0,0,0,0,0,0,
0,0,0,0,0,0,0,0,0,0,0,0,0,0,0,0,
0,0,0,0,0,0,0,0,0,0,0,0,0,0,0,0,
0,0,0,0,0,0,0,0,0,0,0,0,0,0,0,0,
0,0,0,0,0,0,0,0,0,0,0,0,0,0,0,0,
0,0,0,0,0,0,0,0,0,0,0,0,0,0,0,0,
0,0,0,0,0,0,0,0,0,0,0,0,0,0,0,0
</chunk>
  </data>
 </layer>
</map>
